epoch:0 0.2672  0.537  0.2203  0.0671  0.1805  0.3208  0.2866  0.456  0.4836  0.1287  0.3749  0.5497  7.7036  0.001
epoch:1 0.4942  0.757  0.548  0.1145  0.368  0.5911  0.418  0.6023  0.6149  0.1909  0.4968  0.696  6.9307  0.000997
epoch:2 0.5222  0.774  0.5833  0.125  0.3951  0.6151  0.4362  0.6278  0.6399  0.2092  0.5254  0.7184  6.1531  0.000989
epoch:3 0.5272  0.7825  0.5911  0.1339  0.4085  0.6182  0.4356  0.6307  0.6421  0.2327  0.5313  0.7186  5.65  0.000976
epoch:4 0.5374  0.7862  0.6039  0.1431  0.4153  0.6292  0.4439  0.6408  0.6535  0.2448  0.5328  0.7312  5.5272  0.000957
epoch:5 0.5439  0.7828  0.6081  0.1472  0.4281  0.6358  0.449  0.6512  0.6646  0.2582  0.5544  0.7393  5.61  0.000934
epoch:6 0.5283  0.7817  0.5961  0.1525  0.4232  0.6156  0.4377  0.6379  0.6508  0.2678  0.5521  0.72  5.3216  0.000905
epoch:7 0.5261  0.7913  0.5983  0.1574  0.4234  0.6091  0.4305  0.6263  0.6396  0.2551  0.5475  0.7083  5.3797  0.000873
epoch:8 0.5439  0.7936  0.6135  0.1466  0.4346  0.6319  0.4446  0.6449  0.6578  0.2672  0.5619  0.7263  5.2375  0.000836
epoch:9 0.5267  0.7826  0.5927  0.1558  0.4239  0.6186  0.4364  0.6384  0.6519  0.282  0.5592  0.7203  4.984  0.000796
epoch:10 0.5515  0.7934  0.6178  0.1632  0.4376  0.6418  0.4533  0.6589  0.673  0.2843  0.5747  0.741  5.2066  0.000752
epoch:11 0.5513  0.7866  0.6182  0.1572  0.4369  0.65  0.4559  0.661  0.6759  0.2904  0.5786  0.7451  5.1929  0.000706
epoch:12 0.5568  0.799  0.6249  0.1641  0.4404  0.6475  0.4529  0.6544  0.6675  0.2827  0.563  0.7417  4.9629  0.000658
epoch:13 0.5547  0.7936  0.6143  0.1634  0.4449  0.6458  0.4549  0.6621  0.6768  0.314  0.5778  0.7464  5.0891  0.000608
epoch:14 0.5525  0.793  0.6189  0.1577  0.4369  0.6408  0.4541  0.6584  0.6727  0.313  0.5701  0.7387  4.9646  0.000557
epoch:15 0.5717  0.8021  0.6366  0.1678  0.4469  0.664  0.465  0.6705  0.6836  0.3068  0.5746  0.7567  4.8965  0.000505
epoch:16 0.5679  0.8046  0.6324  0.1754  0.4362  0.6627  0.4626  0.6673  0.6807  0.3042  0.5654  0.757  5.069  0.000453
epoch:17 0.5686  0.7953  0.6295  0.1674  0.4487  0.6668  0.4648  0.6738  0.6877  0.3032  0.5771  0.761  4.9341  0.000402
epoch:18 0.5789  0.8045  0.6401  0.1835  0.4536  0.6707  0.4682  0.6764  0.6909  0.3002  0.5813  0.7652  4.8427  0.000352
epoch:19 0.5696  0.7962  0.6272  0.1736  0.4537  0.6654  0.4635  0.6735  0.6879  0.322  0.5846  0.7585  4.6873  0.000304
epoch:20 0.5591  0.7863  0.6166  0.1747  0.4551  0.6539  0.4592  0.6712  0.6849  0.3285  0.5899  0.7523  4.8171  0.000258
epoch:21 0.5779  0.8023  0.6365  0.188  0.4594  0.6691  0.4664  0.6772  0.6909  0.3323  0.585  0.7614  4.7271  0.000214
epoch:22 0.5757  0.802  0.6363  0.1836  0.4549  0.6682  0.4684  0.6783  0.6928  0.3337  0.5836  0.7629  4.6085  0.000174
epoch:23 0.569  0.798  0.6279  0.1848  0.4553  0.6614  0.4624  0.6731  0.6869  0.3397  0.5859  0.7545  4.6454  0.000137
epoch:24 0.5835  0.805  0.6425  0.1886  0.4615  0.6766  0.4714  0.6823  0.6963  0.329  0.5894  0.7678  4.5656  0.000105
epoch:25 0.5824  0.805  0.6399  0.1869  0.4569  0.6763  0.4722  0.6834  0.6971  0.3266  0.5871  0.7698  4.5958  7.6e-05
epoch:26 0.5876  0.8083  0.6475  0.1895  0.4597  0.6801  0.473  0.6838  0.6976  0.3284  0.5858  0.7716  4.713  5.3e-05
epoch:27 0.5665  0.7862  0.6202  0.1781  0.4562  0.6653  0.466  0.6767  0.691  0.344  0.5856  0.7596  4.6216  3.4e-05
epoch:28 0.5823  0.8047  0.6423  0.1928  0.462  0.6751  0.4712  0.6833  0.6974  0.3297  0.5906  0.7676  4.6885  2.1e-05
epoch:29 0.5856  0.8044  0.6439  0.1881  0.4561  0.6794  0.4721  0.6816  0.6949  0.3152  0.58  0.7703  4.7278  1.3e-05
